      0/99     5.57G    0.1031    0.1524   0.03039    0.2858       553       640  0.002566  0.003145 0.0003529 4.822e-05   0.07517   0.03862   0.03441
      1/99     5.97G   0.08817    0.1319   0.02239    0.2424       355       640   0.03839    0.2749   0.01884  0.005626    0.0568   0.06566   0.02899
      2/99     5.97G   0.07823    0.1266    0.0181    0.2229       319       640   0.07937    0.2865   0.04412   0.01978   0.04694     0.101   0.02603
      3/99     5.97G   0.06943    0.1214   0.01469    0.2055       354       640     0.172    0.3535    0.1251   0.06246   0.03862   0.07038   0.01588
      4/99     5.97G   0.06273    0.1153    0.0117    0.1897       373       640     0.175    0.3735    0.1423   0.07359   0.03608    0.0778   0.01356
      5/99     5.97G   0.05884    0.1125   0.01046    0.1818       336       640     0.195    0.4664    0.1647   0.08625   0.03301    0.0799   0.01065
      6/99     5.97G   0.05666    0.1103  0.009438    0.1764       639       640    0.1801    0.4949    0.1684   0.09546   0.03167   0.07479  0.009041
      7/99     5.97G   0.05466    0.1081  0.009035    0.1718       566       640    0.1882    0.4534    0.1676   0.09551   0.03126   0.08171  0.007791
      8/99     5.97G    0.0534    0.1068  0.008551    0.1688       334       640    0.1709    0.5914    0.1787    0.1089   0.02921   0.07568  0.007291
      9/99     5.97G   0.05241    0.1057  0.008305    0.1664       557       640    0.1922    0.4661    0.1862    0.1133   0.03049     0.079  0.007583
     10/99     5.97G   0.05137    0.1034  0.007921    0.1627       357       640      0.18    0.6603    0.1866    0.1161   0.02779   0.08202  0.007051
     11/99     5.97G   0.05093    0.1036  0.007797    0.1623       379       640    0.1868    0.5415    0.1808     0.114   0.02704   0.08424  0.006925
     12/99     5.97G   0.04972    0.1017  0.007486    0.1589       419       640    0.1769    0.5901    0.1741    0.1086   0.02651   0.08778   0.00712
     13/99     5.97G   0.04899    0.1013  0.007573    0.1578       604       640    0.1853    0.5838     0.196    0.1223   0.02684   0.08351  0.006583
     14/99     5.97G   0.04847   0.09887  0.007332    0.1547       432       640    0.1782    0.6738    0.1847    0.1188   0.02607   0.08647  0.006278
     15/99     5.97G   0.04814   0.09923  0.007199    0.1546       341       640    0.1926    0.4516     0.182    0.1166    0.0258   0.08527  0.006313
     16/99     5.97G   0.04798   0.09826  0.007173    0.1534       336       640    0.1871    0.6011    0.1875    0.1198   0.02556   0.08758   0.00578
     17/99     5.97G   0.04737   0.09862  0.007022     0.153       625       640    0.1853    0.5903    0.1903    0.1254    0.0252   0.08742  0.006271
     18/99     5.97G    0.0472   0.09908   0.00685    0.1531       539       640    0.1855    0.5777    0.1907    0.1245   0.02462   0.09035  0.006095
     19/99     5.97G   0.04716   0.09851  0.006853    0.1525       322       640     0.177    0.6617    0.1817    0.1208   0.02438   0.08803  0.007042
     20/99     5.97G   0.04636    0.0969  0.006836    0.1501       259       640    0.1853    0.5999    0.1891     0.129   0.02355   0.08989  0.006264
     21/99     5.97G   0.04605   0.09613  0.006729    0.1489       410       640    0.1822     0.687    0.1831    0.1228   0.02359   0.08708  0.005712
     22/99     5.97G   0.04584   0.09613  0.006659    0.1486       526       640    0.1929    0.5736    0.1936    0.1306   0.02375   0.08874  0.005778
     23/99     5.97G   0.04553   0.09678  0.006443    0.1488       520       640    0.1911    0.5859    0.1908    0.1278   0.02348   0.08972  0.006144
     24/99     5.97G   0.04552   0.09609  0.006521    0.1481       308       640    0.1853    0.6069    0.1901    0.1284   0.02319   0.09103   0.00566
     25/99     5.97G    0.0449   0.09433  0.006447    0.1457       336       640    0.1899    0.5396    0.1955    0.1338   0.02325   0.09257  0.006765
     26/99     5.97G   0.04473   0.09504  0.006233     0.146       529       640    0.1841    0.7347    0.1983    0.1365    0.0234   0.09085  0.005544
     27/99     5.97G   0.04472   0.09453  0.006296    0.1456       422       640    0.1824    0.6591    0.1843    0.1251    0.0235   0.08779  0.006455
     28/99     5.97G   0.04445   0.09428  0.006332    0.1451       478       640    0.1839    0.6433    0.1972     0.136   0.02297   0.09199  0.006311
     29/99     5.97G   0.04408   0.09408  0.006156    0.1443       585       640    0.1892     0.546    0.1867    0.1272   0.02226   0.09606  0.005295
     30/99     5.97G   0.04435   0.09254  0.006411    0.1433       312       640    0.1876    0.6023    0.1888    0.1293   0.02273    0.0932  0.006986
     31/99     5.97G   0.04369   0.09293  0.006236    0.1429       372       640    0.1907    0.5618    0.1945    0.1348   0.02226   0.09091  0.007003
     32/99     5.97G   0.04356   0.09208  0.006244    0.1419       632       640    0.1901    0.5997    0.1908    0.1317   0.02255   0.09216  0.006195
     33/99     5.97G   0.04354   0.09331  0.006163     0.143       353       640    0.1882    0.6724    0.1975     0.137     0.022    0.0922  0.005619
     34/99     5.97G   0.04313   0.09331  0.006046    0.1425       376       640     0.186    0.6826    0.1897    0.1337   0.02191   0.09264  0.005305
     35/99     5.97G     0.043   0.09156  0.005816    0.1404       516       640    0.1939    0.5289    0.1877    0.1312   0.02162    0.0951  0.007298
     36/99     5.97G    0.0431   0.09115  0.005912    0.1402       348       640    0.1835    0.6716    0.1905    0.1332   0.02158   0.09314  0.006404
     37/99     5.97G   0.04312   0.09248  0.006048    0.1416       295       640    0.1845    0.6559     0.189    0.1327   0.02182   0.09406  0.006125
     38/99     5.97G   0.04272   0.09126  0.005867    0.1398       285       640    0.1951    0.5733    0.1933    0.1364   0.02128   0.09333  0.006322
     39/99     5.97G   0.04252   0.09083  0.005865    0.1392       288       640    0.1858    0.6949    0.1935    0.1357   0.02145   0.09522  0.006502
     40/99     5.97G   0.04245   0.09176  0.005827      0.14       395       640    0.1927    0.5915    0.1942    0.1362   0.02094   0.09469    0.0056
     41/99     5.97G   0.04201   0.08951  0.005682    0.1372       505       640    0.1894    0.6368    0.1993    0.1418   0.02095   0.09461    0.0062
     42/99     5.97G   0.04204   0.09192  0.005795    0.1398       416       640    0.1906    0.5723    0.1904    0.1349   0.02089   0.09705  0.005384
     43/99     5.97G   0.04188   0.09086   0.00579    0.1385       232       640    0.1917    0.5492    0.1893    0.1326   0.02105   0.09716  0.005546
     44/99     5.97G   0.04197   0.08892  0.005719    0.1366       394       640    0.1892    0.6222    0.1928    0.1361   0.02099    0.0946  0.006105
     45/99     5.97G   0.04163   0.08881  0.005632    0.1361       206       640    0.1934    0.6105    0.1916    0.1363   0.02053   0.09833  0.005159
     46/99     5.97G   0.04147   0.08878  0.005665    0.1359       379       640    0.1922    0.5947    0.1923    0.1371   0.02042   0.09599  0.005429
     47/99     5.97G   0.04156   0.08966  0.005625    0.1368       293       640    0.1939    0.6087    0.1951    0.1386   0.02094   0.09753  0.005322
     48/99     5.97G   0.04156    0.0907  0.005719     0.138       618       640    0.1925    0.6189    0.1994    0.1414   0.02082   0.09734  0.005031
     49/99     5.97G   0.04137   0.08911  0.005659    0.1361       494       640    0.1927    0.5762    0.1951    0.1379   0.02066   0.09695  0.005562
     50/99     5.97G   0.04126   0.08875   0.00553    0.1355       634       640    0.1913     0.606    0.1905    0.1355   0.02046   0.09737  0.005798
     51/99     5.97G   0.04081   0.08899  0.005617    0.1354       658       640    0.1961    0.5815    0.1984    0.1415   0.01997   0.09772  0.005031
     52/99     5.97G   0.04098   0.08977  0.005555    0.1363       293       640    0.1938    0.6082    0.1896    0.1334   0.02054   0.09765  0.005159
     53/99     5.97G   0.04088   0.08785  0.005514    0.1343       292       640    0.1969    0.5999    0.1934    0.1371   0.02035   0.09774  0.005466
     54/99     5.97G   0.04062   0.08661  0.005474    0.1327       298       640    0.1923    0.6199    0.1961    0.1401   0.02025   0.09736  0.005983
     55/99     5.97G   0.04066   0.08724  0.005431    0.1333       416       640     0.185    0.7016    0.1881    0.1336   0.02028   0.09831  0.006209
     56/99     5.97G   0.04039    0.0871  0.005302    0.1328       485       640    0.1929    0.5587    0.1892     0.135   0.02004   0.09932  0.006668
     57/99     5.97G   0.04039   0.08702   0.00532    0.1327       586       640    0.1921    0.6021    0.1972    0.1422   0.01997   0.09939  0.005352
     58/99     5.97G   0.04029    0.0872  0.005376    0.1329       275       640    0.1945    0.6002    0.1968    0.1407   0.02068    0.0992  0.005206
     59/99     5.97G   0.04011   0.08531  0.005263    0.1307       492       640    0.1979    0.5781    0.1965      0.14   0.02027   0.09954  0.005709
     60/99     5.97G   0.04003   0.08559  0.005304    0.1309       365       640    0.1934    0.6128    0.1951     0.141   0.02022    0.1003  0.005836
     61/99     5.97G   0.04002   0.08533  0.005266    0.1306       859       640    0.1928    0.5728    0.1983    0.1433   0.02047   0.09997  0.005421
     62/99     5.97G   0.04001   0.08715   0.00537    0.1325       674       640    0.1934     0.604    0.1985     0.144    0.0201    0.0998  0.005357
     63/99     5.97G   0.03969   0.08521   0.00523    0.1301       356       640    0.1999    0.5423    0.1991    0.1449   0.02001    0.1001   0.00525
     64/99     5.97G   0.03982   0.08587  0.005191    0.1309       204       640    0.1971    0.5926    0.1989    0.1439   0.01985    0.1001  0.005598
     65/99     5.97G   0.03987   0.08508  0.005185    0.1301       402       640    0.1947    0.6076    0.1947    0.1413    0.0201    0.1009  0.005488
     66/99     5.97G   0.03949     0.085  0.005115    0.1296       650       640    0.1922    0.6344    0.1931    0.1406   0.02008    0.1006  0.005297
     67/99     5.97G   0.03951   0.08452  0.005186    0.1292       446       640    0.1942    0.6238     0.198    0.1445   0.02009    0.1018  0.005471
     68/99     5.97G   0.03937   0.08499  0.005086    0.1294       538       640    0.1945    0.6484    0.2004    0.1465   0.02019    0.1002  0.005147
     69/99     5.97G   0.03942    0.0846  0.005093    0.1291       387       640    0.1958     0.639    0.1963    0.1416   0.02002    0.1007  0.005293
     70/99     5.97G   0.03914    0.0835  0.005058    0.1277       403       640     0.193    0.6264    0.1993    0.1452   0.02026    0.1013  0.005403
     71/99     5.97G   0.03925   0.08453  0.005031    0.1288       346       640    0.1966    0.6403    0.1986    0.1438   0.01998    0.1013  0.005164
     72/99     5.97G   0.03907   0.08409  0.005007    0.1282       491       640     0.196    0.6203    0.1941    0.1399   0.01982    0.1014  0.005383
     73/99     5.97G   0.03927   0.08417  0.005038    0.1285       287       640    0.1923    0.6159    0.1904    0.1384   0.01984    0.1016  0.005893
     74/99     5.97G   0.03874   0.08397  0.004941    0.1276       473       640    0.1958    0.6153    0.1926    0.1392   0.01977     0.102   0.00565
     75/99     5.97G    0.0391   0.08408  0.004943    0.1281       407       640     0.194    0.6371    0.1945    0.1412   0.01952    0.1018  0.005183
     76/99     5.97G   0.03873   0.08273  0.005003    0.1265       541       640    0.1904    0.6369    0.1922    0.1401    0.0197    0.1023  0.005922
     77/99     5.97G   0.03873   0.08387  0.004967    0.1276       413       640    0.1926    0.6045    0.1931    0.1417   0.01978    0.1029  0.005491
     78/99     5.97G   0.03874   0.08331     0.005    0.1271       640       640    0.1964    0.5508    0.1923     0.139   0.01991    0.1021  0.005145
     79/99     5.97G   0.03861   0.08264  0.004979    0.1262       541       640    0.1952    0.6383    0.1925    0.1394   0.01985    0.1023  0.005576
     80/99     5.97G    0.0387   0.08243  0.004861     0.126       555       640    0.1945    0.6129    0.1956    0.1422   0.01985    0.1023  0.005817
     81/99     5.97G   0.03884   0.08326  0.004928     0.127       432       640    0.1972    0.5604     0.196    0.1435   0.01965    0.1028   0.00604
     82/99     5.97G   0.03844   0.08229  0.004872    0.1256       465       640    0.1938    0.6304    0.1952    0.1441   0.01945    0.1029  0.005971
     83/99     5.97G   0.03857   0.08307  0.004857    0.1265       331       640     0.193    0.6144    0.1926    0.1417   0.01949    0.1034  0.006004
     84/99     5.97G    0.0383   0.08099  0.004851    0.1241       307       640    0.1948    0.6106    0.1929    0.1418    0.0196    0.1036  0.005832
     85/99     5.97G    0.0383   0.08175  0.004744    0.1248       605       640    0.1933     0.595    0.1931    0.1409   0.01992    0.1037  0.005227
     86/99     5.97G   0.03837   0.08189  0.004876    0.1251       410       640    0.1954    0.6139     0.197    0.1438   0.01971    0.1033  0.005091
     87/99     5.97G   0.03803   0.08179  0.004788    0.1246       284       640    0.1958    0.6408    0.1992    0.1449   0.01966    0.1034  0.005517
     88/99     5.97G   0.03834   0.08296  0.004764    0.1261       615       640    0.2006    0.5605    0.1986    0.1449   0.01955    0.1028  0.005576
     89/99     5.97G   0.03802   0.08134  0.004701    0.1241       238       640    0.1959    0.6253    0.1992    0.1462   0.01981    0.1033  0.005773
     90/99     5.97G   0.03808   0.08044  0.004742    0.1233       517       640    0.1967    0.5909    0.1964     0.144   0.01986    0.1036  0.006029
     91/99     5.97G   0.03784   0.07991  0.004704    0.1224       347       640    0.1981    0.5953    0.1947    0.1425   0.01983    0.1036  0.005883
     92/99     5.97G   0.03825   0.08221  0.004695    0.1252       408       640    0.1961     0.616    0.1975    0.1448   0.01979    0.1038  0.005619
     93/99     5.97G    0.0381    0.0812  0.004763    0.1241       405       640    0.1962    0.6453    0.1959    0.1432   0.01981    0.1039   0.00604
     94/99     5.97G    0.0379   0.08039  0.004798    0.1231       563       640    0.1983    0.6178    0.1958    0.1443   0.01982    0.1037  0.006042
     95/99     5.97G    0.0379     0.081  0.004768    0.1237       373       640    0.1978    0.5973    0.1938     0.142   0.01994    0.1045  0.005985
     96/99     5.97G   0.03787   0.08138  0.004836    0.1241       325       640    0.1959    0.6203    0.1937    0.1416    0.0199    0.1044   0.00566
     97/99     5.97G   0.03785    0.0808  0.004685    0.1233       434       640    0.1978    0.5991    0.1931    0.1414   0.01987    0.1041  0.005862
     98/99     5.97G   0.03785   0.08027  0.004693    0.1228       438       640    0.1961    0.6246    0.1961    0.1442   0.01974    0.1043  0.006028
     99/99     5.97G   0.03796   0.08073  0.004721    0.1234       358       640    0.1975    0.6197    0.1952    0.1422   0.01973    0.1046    0.0058
